              precision    recall  f1-score   support

           க       0.91      1.00      0.95        21
           ர       0.93      1.00      0.97        28
           ற       0.00      0.00      0.00         0
           ன       0.95      0.95      0.95        21
           ஞ       1.00      1.00      1.00         5
           ந       1.00      0.73      0.84        11
           ஆ       0.80      1.00      0.89         4
           வ       1.00      1.00      1.00        10
           ல       0.92      0.92      0.92        12
           ண       0.75      1.00      0.86         3
           த       0.92      0.96      0.94        25
           ப       1.00      1.00      1.00        11
           ம       0.83      1.00      0.91        10
          பி       1.00      0.92      0.96        13
          பூ       1.00      1.00      1.00         7
          தி       0.86      1.00      0.92         6
           ழ       0.83      1.00      0.91         5
          து       1.00      0.86      0.92         7
           ய       1.00      0.83      0.91         6
          யு       1.00      1.00      1.00         2
          னு       1.00      1.00      1.00         2
          நி       1.00      1.00      1.00         1
          னூ       1.00      1.00      1.00         4
           எ       1.00      1.00      1.00         3
           உ       1.00      1.00      1.00         2
           ஓ       1.00      1.00      1.00         3
          வூ       1.00      1.00      1.00         3
                   1.00      1.00      1.00         2
           ெ       0.83      0.83      0.83         6
          கு       0.00      0.00      0.00         1
           ஐ       0.00      0.00      0.00         0
           ஒ       1.00      1.00      1.00         1
          ரி       1.00      0.33      0.50         3
          யி       0.00      0.00      0.00         0
          ளு       0.00      0.00      0.00         2
          லி       0.00      0.00      0.00         0
           ட       0.00      0.00      0.00         0
          ரு       0.00      0.00      0.00         0
          லு       0.00      0.00      0.00         0
           ள       0.00      0.00      0.00         0
          னி       1.00      1.00      1.00         1
          ஜி       0.00      0.00      0.00         0

    accuracy                           0.94       241
   macro avg       0.70      0.70      0.69       241
weighted avg       0.93      0.94      0.93       241
